calibration_set = "LEA"
num_calibration_cards = 4
consensus_fraction = 1

# period 2.66px  angle +75.3°
[[frequency]]
fx = 0.0954707
fy = 0.3630821

# period 2.65px  angle -75.3°
[[frequency]]
fx = 0.0954707
fy = -0.3647450

# period 2.39px  angle -60.4°
[[frequency]]
fx = 0.2069272
fy = -0.3641907

# period 3.39px  angle -45.0°
[[frequency]]
fx = 0.2082593
fy = -0.2084257

# period 2.64px  angle -45.1°
[[frequency]]
fx = 0.2677620
fy = -0.2688470

# period 2.67px  angle +14.8°
[[frequency]]
fx = 0.3619005
fy = 0.0958980

# period 2.39px  angle +30.1°
[[frequency]]
fx = 0.3627886
fy = 0.2100887

# period 2.67px  angle -14.6°
[[frequency]]
fx = 0.3623446
fy = -0.0942350
